// 
// FSXPilot (c) by Scientific Networks, Munich
// 
// GPS recorded taxi-/flightplan
// 
navlights on
strobelights on
set apcontrol plane
set speedunits knots
set distanceunits miles
set userinput on
set speed 5
maintain speed
run apv
gpswaypoint 1491.4 0.0  48.34172253  11.76435539
gpswaypoint 1491.4 10.4  48.34188987  11.76372018
gpswaypoint 1491.4 10.7  48.34207770  11.76308412
gpswaypoint 1491.4 9.9  48.34225528  11.76245233
gpswaypoint 1491.4 8.8  48.34246702  11.76184615
gpswaypoint 1491.4 7.7  48.34268900  11.76125278
gpswaypoint 1491.4 6.8  48.34288366  11.76063294
gpswaypoint 1491.4 6.3  48.34308857  11.76003018
gpswaypoint 1491.4 6.0  48.34329347  11.75941973
gpswaypoint 1491.4 5.8  48.34350521  11.75881355
gpswaypoint 1491.4 5.8  48.34382281  11.75930532
gpswaypoint 1491.4 6.0  48.34385355  11.75998834
gpswaypoint 1491.4 6.0  48.34390478  11.76066709
gpswaypoint 1491.4 5.9  48.34395600  11.76135609
gpswaypoint 1491.4 5.9  48.34401064  11.76203910
gpswaypoint 1491.4 5.9  48.34406187  11.76271700
gpswaypoint 1491.4 5.9  48.34411651  11.76339831
gpswaypoint 1491.4 5.9  48.34416774  11.76407535
gpswaypoint 1491.4 5.9  48.34422238  11.76474984
gpswaypoint 1491.4 5.9  48.34427361  11.76542773
gpswaypoint 1491.4 5.9  48.34432825  11.76610648
gpswaypoint 1491.4 5.9  48.34438289  11.76678523
gpswaypoint 1491.4 5.9  48.34443753  11.76748447
gpswaypoint 1491.4 5.9  48.34449217  11.76817518
gpswaypoint 1491.4 5.9  48.34454681  11.76886844
gpswaypoint 1491.4 5.9  48.34460487  11.76955146
gpswaypoint 1491.4 5.9  48.34465951  11.77024643
gpswaypoint 1491.4 5.9  48.34471415  11.77093543
gpswaypoint 1491.4 5.9  48.34476879  11.77161332
gpswaypoint 1491.4 5.9  48.34482344  11.77228866
gpswaypoint 1491.4 5.9  48.34487125  11.77296485
gpswaypoint 1491.4 5.9  48.34491906  11.77364189
gpswaypoint 1491.4 5.9  48.34496345  11.77432064
gpswaypoint 1491.4 5.9  48.34501810  11.77499768
gpswaypoint 1491.4 5.9  48.34507274  11.77567387
gpswaypoint 1491.4 5.9  48.34512738  11.77635347
gpswaypoint 1491.4 5.9  48.34518885  11.77702966
gpswaypoint 1491.4 5.9  48.34524349  11.77770414
gpswaypoint 1491.4 5.9  48.34528447  11.77838119
gpswaypoint 1491.4 5.9  48.34532204  11.77906591
gpswaypoint 1491.4 5.9  48.34536985  11.77974125
gpswaypoint 1491.4 5.7  48.34543474  11.78041061
gpswaypoint 1491.4 5.9  48.34585821  11.78065905
gpswaypoint 1491.4 5.9  48.34631242  11.78060868
gpswaypoint 1491.4 5.9  48.34676662  11.78053611
gpswaypoint 1491.4 5.9  48.34721742  11.78046269
gpswaypoint 1491.4 5.9  48.34767162  11.78040719
gpswaypoint 1491.4 5.8  48.34799947  11.78087250
gpswaypoint 1491.4 5.8  48.34804046  11.78154954
gpswaypoint 1491.4 5.9  48.34846734  11.78176298
gpswaypoint 1491.4 5.9  48.34891472  11.78169468
gpswaypoint 1491.4 5.9  48.34937234  11.78161187
gpswaypoint 1491.4 5.9  48.34982655  11.78152734
gpswaypoint 1491.4 5.9  48.35027393  11.78144282
gpswaypoint 1491.4 5.9  48.35072813  11.78135829
gpswaypoint 1491.4 5.9  48.35117893  11.78129853
gpswaypoint 1491.4 5.9  48.35163313  11.78123364
gpswaypoint 1491.4 5.9  48.35208051  11.78116278
gpswaypoint 1491.4 5.9  48.35252789  11.78108423
gpswaypoint 1491.4 5.9  48.35297527  11.78100056
gpswaypoint 1491.4 5.9  48.35342606  11.78091604
gpswaypoint 1491.4 5.9  48.35387685  11.78084859
gpswaypoint 1491.4 5.9  48.35433106  11.78078968
gpswaypoint 1491.4 5.9  48.35477844  11.78071113
gpswaypoint 1491.4 5.9  48.35522581  11.78063088
gpswaypoint 1491.4 5.9  48.35567319  11.78056770
gpswaypoint 1491.4 5.9  48.35612398  11.78051135
gpswaypoint 1491.4 5.9  48.35657136  11.78043878
gpswaypoint 1491.4 5.8  48.35700849  11.78060697
gpswaypoint 1491.4 5.9  48.35713485  11.78125755
stop apv
stop aph
head ch
set speed 0.
operate wheelbrake
wait 2.
release wheelbrake
flaps 0.
end
